name: time-rag
channels:
  - conda-forge
dependencies:
  - brotli-python=1.1.0=py312h275cf98_2
  - bzip2=1.0.8=h2466b09_7
  - ca-certificates=2024.8.30=h56e8100_0
  - certifi=2024.8.30=pyhd8ed1ab_0
  - cffi=1.17.1=py312h4389bb4_0
  - charset-normalizer=3.3.2=pyhd8ed1ab_0
  - h2=4.1.0=pyhd8ed1ab_0
  - hpack=4.0.0=pyh9f0ad1d_0
  - hyperframe=6.0.1=pyhd8ed1ab_0
  - idna=3.10=pyhd8ed1ab_0
  - intel-openmp=2024.2.1=h57928b3_1083
  - libblas=3.9.0=24_win64_mkl
  - libcblas=3.9.0=24_win64_mkl
  - libexpat=2.6.3=he0c23c2_0
  - libffi=3.4.2=h8ffe710_5
  - libhwloc=2.11.1=default_h8125262_1000
  - libiconv=1.17=hcfcfb64_2
  - liblapack=3.9.0=24_win64_mkl
  - libsqlite=3.46.1=h2466b09_0
  - libxcb=1.16=h013a479_1
  - libxml2=2.12.7=h0f24e4e_4
  - libzlib=1.3.1=h2466b09_1
  - m2w64-gcc-libgfortran=5.3.0=6
  - m2w64-gcc-libs=5.3.0=7
  - m2w64-gcc-libs-core=5.3.0=7
  - m2w64-gmp=6.1.0=2
  - m2w64-libwinpthread-git=5.0.0.4634.697f757=2
  - mkl=2024.1.0=h66d3029_694
  - msys2-conda-epoch=20160418=1
  - openssl=3.3.2=h2466b09_0
  - pip=24.2=pyh8b19718_1
  - pthread-stubs=0.4=hcd874cb_1001
  - pthreads-win32=2.9.1=hfa6e2cd_3
  - pycparser=2.22=pyhd8ed1ab_0
  - pysocks=1.7.1=pyh0701188_6
  - python=3.12.6=hce54a09_1_cpython
  - python-dotenv=1.0.1=pyhd8ed1ab_0
  - python_abi=3.12=5_cp312
  - requests=2.32.3=pyhd8ed1ab_0
  - setuptools=74.1.2=pyhd8ed1ab_0
  - tbb=2021.13.0=hc790b64_0
  - tk=8.6.13=h5226925_1
  - typing_extensions=4.12.2=pyha770c72_0
  - tzdata=2024a=h8827d51_1
  - ucrt=10.0.22621.0=h57928b3_0
  - urllib3=2.2.3=pyhd8ed1ab_0
  - vc=14.3=h8a93ad2_21
  - vc14_runtime=14.40.33810=ha82c5b3_21
  - vs2015_runtime=14.40.33810=h3bf8584_21
  - wheel=0.44.0=pyhd8ed1ab_0
  - win_inet_pton=1.1.0=pyh7428d3b_7
  - xorg-kbproto=1.0.7=hcd874cb_1002
  - xorg-libx11=1.8.9=h0076a8d_1
  - xorg-libxau=1.0.11=hcd874cb_0
  - xorg-libxdmcp=1.1.3=hcd874cb_0
  - xorg-xextproto=7.3.0=hcd874cb_1003
  - xorg-xproto=7.0.31=hcd874cb_1007
  - xz=5.2.6=h8d14728_0
  - zstandard=0.23.0=py312h7606c53_1
  - zstd=1.5.6=h0ea2cb4_0
  - pip:
      - aiohappyeyeballs==2.4.0
      - aiohttp==3.10.6
      - aiosignal==1.3.1
      - annotated-types==0.7.0
      - anyio==4.6.0
      - asyncpg==0.29.0
      - attrs==24.2.0
      - colorama==0.4.6
      - dataclasses-json==0.6.7
      - distro==1.9.0
      - frozenlist==1.4.1
      - greenlet==3.1.1
      - h11==0.14.0
      - httpcore==1.0.5
      - httpx==0.27.2
      - jiter==0.5.0
      - jq==1.8.0
      - jsonpatch==1.33
      - jsonpointer==3.0.0
      - langchain==0.3.1
      - langchain-community==0.3.1
      - langchain-core==0.3.6
      - langchain-openai==0.2.1
      - langchain-text-splitters==0.3.0
      - langsmith==0.1.128
      - lark==1.2.2
      - marshmallow==3.22.0
      - multidict==6.1.0
      - mypy-extensions==1.0.0
      - numpy==1.26.4
      - openai==1.48.0
      - orjson==3.10.7
      - packaging==24.1
      - pgvector==0.3.3
      - psycopg2==2.9.9
      - pydantic==2.9.2
      - pydantic-core==2.23.4
      - pydantic-settings==2.5.2
      - pyyaml==6.0.2
      - regex==2024.9.11
      - sniffio==1.3.1
      - sqlalchemy==2.0.35
      - tenacity==8.5.0
      - tiktoken==0.7.0
      - timescale-vector==0.0.7
      - tqdm==4.66.5
      - typing-inspect==0.9.0
      - yarl==1.12.1
prefix: C:\Users\Josel\miniforge3\envs\time-rag
